loss:
- train: 7294.609108090401
  valid: 1013.91947722435
