loss:
- train: 7270.803705215454
  valid: 934.67427110672
