loss:
- train: 7433.504838705063
  valid: 1063.1555304527283
